9026454046
9026454104
9026454111
9026454100
9026454180
9026454184
9026454217
9026454258
9026454241
9026454297
9026454253
9026454374
9026454324
9026454343
9026454509
9026454654
9026454677
9026454715
9026454744
9026454790
9026454763
9026454803
9026454878
9026454882
9026454844
9026454907
9026454972
9026454991
9026455022
9026455055
9026455140
9026455178
9026455243
9026455286
9026455298
9026455351
9026455355
9026455409
9026455517
9026455486
9026455706
9026455782
9026455816
9026455952
9026455964
9026455889
9026456051
9026456085
9026456188
9026456209
9026456224
9026456465
9026456419
9026456551
9026456580
9026456664
9026456703
9026456771
9026456822
9026456792
9026456913
9026457011
9026456999
9026457047
9026457062
9026457096
9026457119
9026457181
9026457179
9026457249
9026457138
9026457298
9026457310
9026457519
9026457516
9026457604
9026457636
9026457698
9026457683
9026457739
9026457906
9026457832
9026457925
9026457920
9026458011
9026458059
9026458106
9026458106
9026458138
9026458133
9026458136
9026458329
9026458392
9026458282
9026458346
9026458494
9026458524
9026458575
9026458499
9026458475
9026458475
9026458630
9026458645
9026458802
9026458824
9026458927
9026458946
9026459058
9026459076
9026459083
9026459081
9026459106
9026459107
9026459123
9026459126
9026459138
9026459131
9026459155
9026459162
9026459217
9026459304
9026459382
9026459461
9026459444
9026459439
9026459521
9026459648
9026459629
9026459780
9026459800
9026459876
9026459876
9026460011
9026460010
9026460113
9026460043
9026460173
9026460255
9026460196
9026460449
9026460820
9026460892
9026460960
9026460846
9026460918
9026461061
9026461139
9026461177
9026461227
9026461240
9026461314
9026461278
9026461424
9026461454
9026461474
9026461440
9026461772
9026461896
9026461924
9026461961
9026461974
9026461940
9026462008
9026462079
9026462235
9026462374
9026462384
9026462483
9026462492
9026462517
9026462576
9026462623
9026462682
9026462647
9026462600
9026462739
9026462710
9026462758
9026462847
9026462861
9026463057
9026463087
9026463121
9026463132
9026463115
9026463305
9026463293
9026463287
9026463371
9026463467
9026463449
9026463477
9026463485
9026463562
9026463624
9026463732
9026463786
9026463818
9026463902
9026463907
9026463968
9026463957
9026463969
9026463966
9026463967
9026463975
9026463961
9026464012
9026464012
9026464041
9026464052
9026464083
9026464142
9026464146
9026464329
9026464269
9026464520
9026464500
9026464581
9026464581
9026464621
9026464631
9026464677
9026464705
9026464726
9026464906
9026464852
9026464910
9026464865
9026464882
9026465011
9026464978
9026465139
9026465296
9026465362
9026465362
9026465557
9026465658
9026465677
9026465708
9026465926
9026465927
9026465849
9026466012
9026466054
9026465992
9026465988
9026466017
9026466106
9026466283
9026466258
9026466300
9026466299
9026466367
9026466399
9026466338
9026466396
9026466581
9026466574
9026466642
9026466642
9026466749
9026466791
9026466868
9026466872
9026466823
9026466888
9026466793
9026466904
9026466910
9026466941
9026466940
9026466944
9026467060
9026467216
9026467398
9026467457
9026467630
9026467645
9026467648
9026467631
9026467660
9026467711
9026467617
9026467750
9026467757
9026467896
9026467927
9026467895
9026467967
9026468000
9026467995
9026468003
9026468038
9026468108
9026468129
9026468187
9026468302
9026468201
9026468375
9026468474
9026468545
9026468522
9026468660
9026468626
9026468646
9026468762
9026468758
9026468839
9026468866
9026468842
9026468996
9026469044
9026469080
9026469118
9026469142
9026469219
9026469144
9026469303
9026469337
9026469386
9026469399
9026469449
9026469461
9026469461
9026469489
9026469506
9026469505
9026469556
9026469562
9026469526
9026469647
9026469647
9026469647
9026469647
9026469647
9026469647
9026469647
9026469746
9026469776
9026469855
9026469900
9026469896
9026470066
9026470111
9026470111
9026470072
9026470156
9026470166
9026470174
9026470181
9026470225
9026470284
9026470346
9026470321
9026470317
9026470384
9026470332
9026470625
9026470614
9026470657
9026470555
9026470633
9026470733
9026470866
9026470831
9026470984
9026470999
9026471005
9026471010
9026471029
9026471094
9026471116
9026471069
9026471194
9026471268
9026471283
9026471305
9026471396
9026471432
9026471421
9026471517
9026471554
9026471599
9026471644
9026471721
9026471789
9026471857
9026471882
9026471917
9026471941
9026471940
9026471950
9026471967
9026472009
9026471997
9026472058
9026472098
9026471994
9026472092
9026472015
9026472091
9026472154
9026472152
9026472272
9026472100
9026472373
9026472365
9026472443
9026472434
9026472448
9026472517
9026472499
9026472480
9026472561
9026472560
9026472645
9026472625
9026472759
9026472786
9026472799
9026472855
9026472867
9026472917
9026472942
9026472981
9026472980
9026473023
9026473065
9026473072
9026473143
9026473158
9026473180
9026473197
9026473189
9026473192
9026473267
9026473236
9026473282
9026473379
9026473328
9026473370
9026473430
9026473394
9026473373
9026473434
9026473532
9026473617
9026473667
9026473687
9026473694
9026473706
9026473690
9026473623
9026473708
9026473811
9026473932
9026473949
9026474004
9026474089
9026474138
9026474074
9026474246
9026474227
9026474342
9026474294
9026474336
9026474312
9026474234
9026474363
9026474340
9026474430
9026474329
9026474366
9026474365
9026474497
9026474559
9026474524
9026474649
9026474669
9026474721
9026474760
9026474800
9026474858
9026475031
9026475013
9026475062
9026475294
9026475334
9026475407
9026475447
9026475485
9026475444
9026475426
9026475467
9026475371
9026475450
9026475568
9026475565
9026475572
9026475504
9026475684
9026475762
9026475794
9026475773
9026475725
9026475797
9026475914
9026476029
9026476112
9026476139
9026476202
9026476259
9026476397
9026476345
9026476349
9026476522
9026476517
9026476583
9026476616
9026476696
9026476693
9026476774
9026476963
9026477000
9026477043
9026477056
9026477074
9026477188
9026477263
9026477389
9026477440
9026477454
9026477492
9026477447
9026477505
9026477535
9026477584
9026477586
9026477635
9026477592
9026477703
9026477744
9026477714
9026477782
9026477832
9026477826
9026477876
9026477898
9026477909
9026477853
9026477984
9026478001
9026478002
9026477997
9026478045
9026478204
9026478198
9026478187
9026478268
9026478179
9026478305
9026478340
9026478381
9026478339
9026478445
9026478596
9026478631
9026478633
9026478665
9026478669
9026478678
9026478743
9026478781
9026478802
9026478797
9026478819
9026478880
9026478843
9026478962
9026478865
9026479042
9026479056
9026479088
9026479077
9026479085
9026479090
9026479145
9026479199
9026479230
9026479127
9026479197
9026479121
9026479267
9026479268
9026479377
9026479443
9026479505
9026479529
9026479523
9026479594
9026479600
9026479811
9026479845
9026479871
9026479874
9026479787
9026479929
9026480026
9026480066
9026480149
9026480148
9026480226
9026480300
9026480501
9026480533
9026480519
9026480612
9026480635
9026480562
9026480690
9026480662
9026480723
9026480758
9026480787
9026480820
9026480849
9026480859
9026480982
9026480985
9026481062
9026481184
9026481402
9026481410
9026481421
9026481433
9026481498
9026481552
9026481608
9026481617
9026481687
9026481693
9026481688
9026481828
9026481807
9026481852
9026481925
9026481943
9026481943
9026481952
9026482031
9026482122
9026482125
9026482252
9026482236
9026482246
9026482507
9026482493
9026482529
9026482739
9026482715
9026482715
9026482782
9026482823
9026482834
9026482839
9026482798
9026482909
9026483030
9026483046
9026483056
9026483140
9026483175
9026483185
9026483116
9026483173
9026483230
9026483222
9026483264
9026483300
9026483301
9026483332
9026483442
9026483460
9026483456
9026483527
9026483637
9026483711
9026483829
9026483914
9026483913
9026483978
9026484007
9026483986
9026484016
9026484009
9026484115
9026484192
9026484320
9026484305
9026484185
9026484327
9026484275
9026484397
9026484365
9026484316
9026484376
9026484492
9026484622
9026484574
9026484694
9026484700
9026484733
9026484692
9026484936
9026485008
9026485070
9026485126
9026485126
9026485126
9026485116
9026485192
9026485176
9026485187
9026485242
9026485216
9026485215
9026485317
9026485343
9026485399
9026485512
9026485656
9026485633
9026486082
9026486071
9026486008
9026486004
9026486148
9026486196
9026486206
9026486286
9026486301
9026486287
9026486219
9026486431
9026486460
9026486440
9026486519
9026486536
9026486626
9026486726
9026486756
9026486750
9026486785
9026486973
9026487057
9026487126
9026487221
9026487298
9026487321
9026487343
9026487369
9026487426
9026487347
9026487648
9026487734
9026487765
9026487893
9026487853
9026487876
9026487896
9026487872
9026487752
9026487986
9026488008
9026487984
9026488049
9026488121
9026488074
9026488183
9026488217
9026488264
9026488289
9026488299
9026488152
9026488390
9026488419
9026488462
9026488394
9026488532
9026488418
9026488527
9026488499
9026488585
9026488566
9026488526
9026488632
9026488731
9026488746
9026488759
9026488736
9026488804
9026488744
9026488763
9026488784
9026488792
9026488829
9026488845
9026488841
9026488840
9026488859
9026488933
9026488902
9026489152
9026489010
9026489202
9026489244
9026489183
9026489318
9026489419
9026489419
9026489419
9026489419
9026489419
9026489419
9026489419
9026489419
9026489419
9026489458
9026489491
9026489483
9026489635
9026489732
9026489796
9026489875
9026489876
9026489830
9026489855
9026490171
9026490236
9026490291
9026490321
9026490346
9026490435
9026490412
9026490458
9026490433
9026490411
9026490562
9026490647
9026490651
9026490679
9026490674
9026490799
9026490795
9026490923
9026491005
9026491003
9026491059
9026491071
9026491171
9026491274
9026491313
9026491339
9026491337
9026491340
9026491399
9026491445
9026491652
9026491770
9026491752
9026491843
9026491980
9026491987
9026492022
9026492081
9026492158
9026492159
9026492313
9026492530
9026492515
9026492513
9026492514
9026492594
9026492743
9026492712
9026492866
9026492847
9026492841
9026492889
9026492943
9026492911
9026493027
9026493073
9026493107
9026493124
9026493145
9026493069
9026493230
9026493197
9026493342
9026493401
9026493396
9026493409
9026493373
9026493470
9026493571
9026493596
9026493736
9026493774
9026493782
9026493832
9026493882
9026493880
9026493880
9026493960
9026493956
9026493925
9026493941
9026494069
9026494093
9026494007
9026494094
9026494150
9026494147
9026494261
9026494219
9026494265
9026494262
9026494340
9026494313
9026494312
9026494381
9026494324
9026494458
9026494319
9026494480
9026494462
9026494304
9026494722
9026494729
9026494811
9026494754
9026494817
9026494905
9026494909
9026494908
9026495006
9026495080
9026495019
9026495077
9026495125
9026495132
9026495200
9026495193
9026495215
9026495223
9026495306
9026495221
9026495301
9026495273
9026495334
9026495303
9026495338
9026495319
9026495394
9026495411
9026495377
9026495448
9026495516
9026495540
9026495553
9026495597
9026495587
9026495570
9026495655
9026495661
9026495892
9026495937
9026496014
9026496008
9026496002
9026496100
9026496050
9026496163
9026496297
9026496177
9026496298
9026496233
9026496431
9026496430
9026496424
9026496484
9026496405
9026496515
9026496428
9026496614
9026496667
9026496639
9026496721
9026496755
9026496841
9026496832
9026496782
9026497019
9026496998
9026497032
9026497040
9026497051
9026497067
9026497047
9026497405
9026497411
9026497401
9026497470
9026497487
9026497561
9026497583
9026497617
9026497643
9026497629
9026497713
9026497725
9026497736
9026497757
9026497829
9026497821
9026497863
9026497862
9026497747
9026497859
9026497900
9026497993
9026497935
9026498008
9026497947
9026498019
9026498089
9026498066
9026498114
9026498100
9026498148
9026498102
9026498158
9026498216
9026498164
9026498327
9026498260
9026498353
9026498434
9026498465
9026498518
9026498680
9026498741
9026498694
9026498745
9026498747
9026498866
9026498935
9026498937
9026498947
9026499010
9026499027
9026499005
9026498987
9026499012
9026499035
9026499166
9026499258
9026499307
9026499295
9026499348
9026499306
9026499435
9026499465
9026499593
9026499615
9026499870
9026499900
9026499893
9026499901
9026500003
9026500029
9026500047
9026500102
9026500155
9026500156
9026500251
9026500289
9026500219
9026500319
9026500367
9026500332
9026500381
9026500443
9026500531
9026500686
9026500699
9026500667
9026500770
9026500814
9026500826
9026500876
9026500907
9026500887
9026500949
9026500922
9026501009
9026501011
9026501058
9026501206
9026501195
9026501251
9026501268
9026501248
9026501426
9026501390
9026501386
9026501447
9026501476
9026501462
9026501517
9026501622
9026501749
9026501762
9026501790
9026501782
9026501824
9026501891
9026501867
9026502045
9026502098
9026502118
9026502119
9026502250
9026502335
9026502355
9026502441
9026502499
9026502503
9026502509
9026502545
9026502554
9026502576
9026502593
9026502624
9026502631
9026502481
9026502812
9026502841
9026502856
9026503003
9026503034
9026503061
9026503113
9026503136
9026503075
9026503146
9026503174
9026503105
9026503140
9026503211
9026503343
9026503362
9026503199
9026503454
9026503420
9026503409
9026503521
9026503523
9026503535
9026503652
9026503631
9026503561
9026503671
9026503795
9026503786
9026503779
9026503722
9026503789
9026503850
9026503693
9026503693
9026503693
9026503923
9026503998
9026504061
9026504119
9026504188
9026504212
9026504232
9026504338
9026504412
9026504472
9026504396
9026504511
9026504545
9026504542
9026504589
9026504563
9026504647
9026504663
9026504696
9026504722
9026504724
9026504848
9026504827
9026504818
9026504849
9026504856
9026504844
9026504995
9026504987
9026505024
9026505075
9026505062
9026505121
9026505298
9026505320
9026505284
9026505249
9026505413
9026505393
9026505393
9026505402
9026505389
9026505287
9026505439
9026505411
9026505406
9026505434
9026505289
9026505461
9026505468
9026505566
9026505554
9026505704
9026505743
9026505726
9026505893
9026505897
9026505888
9026505968
9026505936
9026505917
9026505938
9026506048
9026506084
9026506097
9026506228
9026506290
9026506369
9026506296
9026506424
9026506657
9026506621
9026506634
9026506748
9026506806
9026506922
9026506931
9026506961
9026507029
9026506903
9026507042
9026507212
9026507267
9026507259
9026507330
9026507358
9026507391
9026507433
9026507487
9026507499
9026507519
9026507613
9026507547
9026507612
9026507541
9026507644
9026507668
9026507702
9026507793
9026507804
9026507790
9026507723
9026507814
9026507814
9026507822
9026507847
9026507867
9026508062
9026508002
9026508192
9026508231
9026508224
9026508249
9026508254
9026508179
9026508284
9026508241
9026508220
9026508352
9026508295
9026508414
9026508508
9026508534
9026508799
9026508800
9026508878
9026508912
9026508998
9026509042
9026509179
9026509241
9026509251
9026509232
9026509172
9026509268
9026509192
9026509192
9026509291
9026509225
9026509317
9026509462
9026509477
9026509452
9026509622
9026509566
9026509662
9026509707
9026509640
9026509782
9026509926
9026510004
9026510058
9026509985
9026510176
9026510211
9026510256
9026510254
9026510287
9026510304
9026510402
9026510354
9026510437
9026510418
9026510489
9026510528
9026510569
9026510660
9026510632
9026510674
9026510686
9026510725
9026510740
9026510810
9026510729
9026510855
9026510947
9026510925
9026511100
9026511100
9026511131
9026511162
9026511270
9026511370
9026511323
9026511382
9026511397
9026511434
9026511603
9026511607
9026511631
9026511661
9026511664
9026511692
9026511693
9026511750
9026511854
9026511883
9026511881
9026511994
9026512137
9026512109
9026512248
9026512302
9026512376
9026512390
9026512389
9026512404
9026512436
9026512422
9026512589
9026512574
9026512626
9026512592
9026512672
9026512671
9026512720
9026512667
9026512771
9026512848
9026512860
9026512830
9026512936
9026512989
9026513010
9026513014
9026513002
9026512991
9026513125
9026513143
9026513190
9026513267
9026513298
9026513324
9026513324
9026513350
9026513283
9026513470
9026513386
9026513345
9026513518
9026513535
9026513528
9026513531
9026513554
9026513801
9026513872
9026513925
9026513962
9026513964
9026513909
9026514040
9026514082
9026514087
9026514077
9026514094
9026514096
9026514162
9026514165
9026514169
9026514239
9026514230
9026514400
9026514400
9026514400
9026514401
9026514401
9026514401
9026514401
9026514447
9026514462
9026514453
9026514611
9026514619
9026514625
9026514632
9026514691
9026514697
9026514657
9026514692
9026514740
9026514810
9026514845
9026514893
9026514903
9026514973
9026514978
9026515067
9026515167
9026515160
9026515153
9026515294
9026515329
9026515303
9026515360
9026515340
9026515343
9026515287
9026515442
9026515425
9026515454
9026515543
9026515459
9026515517
9026515475
9026515567
9026515488
9026515579
9026515663
9026515642
9026515648
9026515701
9026515796
9026515796
9026515796
9026515796
9026515796
9026515796
9026515796
9026515796
9026515796
9026515796
9026515796
9026515796
9026515796
9026515796
9026515796
9026515699
9026515858
9026515960
9026515989
9026515915
9026516051
9026516064
9026516021
9026516167
9026516210
9026516181
9026516153
9026516235
9026516281
9026516211
9026516272
9026516286
9026516335
9026516218
9026516326
9026516346
9026516349
9026516348
9026516423
9026516472
9026516486
9026516529
9026516523
9026516556
9026516614
9026516629
9026516689
9026516746
9026516743
9026516735
9026516827
9026516966
9026516944
9026517015
9026516945
9026517075
9026516970
9026517090
9026517176
9026517164
9026517192
9026517244
9026517073
9026517241
9026517174
9026517265
9026517307
9026517377
9026517418
9026517442
9026517573
9026517513
9026517645
9026517826
9026517792
9026517821
9026517868
9026517888
9026517986
9026517848
9026518052
9026518136
9026518168
9026518216
9026518335
9026518322
9026518660
9026518652
9026518706
9026518794
9026518820
9026518812
9026518861
9026518893
9026518915
9026518911
9026519000
9026519051
9026519062
9026519161
9026519234
9026519221
9026519271
9026519328
9026519325
9026519354
9026519268
9026519428
9026519429
9026519475
9026519586
9026519565
9026519642
9026519524
9026519648
9026519522
9026519701
9026519729
9026519843
9026519743
9026519788
9026519906
9026520060
9026519901
9026520107
9026520108
9026520124
9026520239
9026520225
9026520260
9026520181
9026520268
9026520354
9026520431
9026520542
9026520563
9026520664
9026520742
9026520748
9026520835
9026520915
9026521000
9026521029
9026521043
9026521020
9026521054
9026521183
9026521159
9026521232
9026521235
9026521306
9026521231
9026521240
9026521309
9026521284
9026521289
9026521389
9026521319
9026521169
9026521434
9026521431
9026521447
9026521562
9026521556
9026521600
9026521665
9026521716
9026521778
9026521843
9026521801
9026521832
9026521852
9026521912
9026522029
9026522095
9026522171
9026522071
9026522261
9026522319
9026522317
9026522387
9026522349
9026522416
9026522437
9026522444
9026522435
9026522456
9026522464
9026522490
9026522505
9026522505
9026522531
9026522560
9026522612
9026522581
9026522805
9026522803
9026522835
9026522893
9026523025
9026523041
9026523088
9026523105
9026523104
9026523143
9026523191
9026523286
9026523282
9026523326
9026523292
9026523415
9026523492
9026523493
9026523566
9026523533
9026523402
9026523612
9026523637
9026523591
9026523755
9026523784
9026523740
9026523852
9026523871
9026523877
9026523896
9026523846
9026523947
9026523931
9026523934
9026523938
9026524129
9026524130
9026524233
9026524311
9026524270
9026524268
9026524438
9026524445
9026524318
9026524553
9026524569
9026524638
9026524634
9026524597
9026524758
9026524825
9026524817
9026524905
9026525098
9026525120
9026525186
9026525217
9026525206
9026525222
9026525320
9026525275
9026525459
9026525520
9026525678
9026525844
9026525980
9026526075
9026526109
9026526129
9026526203
9026526181
9026526277
9026526267
9026526271
9026526357
9026526372
9026526398
9026526571
9026526678
9026526785
9026526790
9026526791
9026526992
9026527011
9026527046
9026527000
9026527076
9026527142
9026527151
9026526996
9026527258
9026527289
9026527353
9026527374
9026527421
9026527474
9026527504
9026527606
9026527624
9026527631
9026527691
9026527720
9026527703
9026527821
9026527886
9026527948
9026527972
9026528123
9026528116
9026528184
9026527952
9026528199
9026528147
9026528338
9026528371
9026528448
9026528518
9026528562
9026528559
9026528665
9026528704
9026528693
9026528664
9026528792
9026528877
9026528925
9026528935
9026528961
9026529013
9026528989
9026528986
9026529051
9026529057
9026529184
9026529204
9026529225
9026529231
9026529267
9026529282
9026529413
9026529397
9026529591
9026529628
9026529683
9026529699
9026529717
9026529718
9026529803
9026529793
9026529911
9026529912
9026529889
9026530008
9026530053
9026530090
9026530091
9026530148
9026530170
9026530207
9026530289
9026530372
9026530437
9026530400
9026530447
9026530239
9026530455
9026530517
9026530492
9026530560
9026530568
9026530607
9026530618
9026530642
9026530632
9026530683
9026530836
9026530835
9026530939
9026530885
9026530884
9026531019
9026531032
9026531048
9026531154
9026531139
9026531258
9026531334
9026531374
9026531498
9026531510
9026531481
9026531507
9026531620
9026531636
9026531647
9026531736
9026531789
9026531907
9026531929
9026531929
9026532066
9026532043
9026531968
9026531968
9026532120
9026532027
9026532138
9026532152
9026532169
9026532134
9026532196
9026532219
9026532321
9026532351
9026532257
9026532342
9026532270
9026532370
9026532429
9026532416
9026532745
9026532753
9026532878
9026532877
9026532881
9026532833
9026532965
9026533056
9026533111
9026533078
9026533033
9026533151
9026533228
9026533293
9026533321
9026533319
9026533304
9026533279
9026533391
9026533439
9026533433
9026533384
9026533394
9026533402
9026533475
9026533679
9026533733
9026533799
9026533836
9026533846
9026533847
9026533851
9026533914
9026533948
9026533971
9026534061
9026534054
9026533992
9026534092
9026534135
9026534128
9026534165
9026534215
9026534255
9026534271
9026534364
9026534375
9026534453
9026534437
9026534571
9026534750
9026534615
9026534760
9026534839
9026534863
9026534890
9026535007
9026535095
9026535179
9026535244
9026535284
9026535337
9026535290
9026535377
9026535483
9026535472
9026535570
9026535592
9026535602
9026535630
9026535587
9026535595
9026535672
9026535653
9026535626
9026535728
9026535712
9026535769
9026535780
9026535864
9026535836
9026535958
9026535981
9026535887
9026536021
9026536090
9026536168
9026536222
9026536240
9026536205
9026536259
9026536278
9026536279
9026536309
9026536347
9026536307
9026536465
9026536430
9026536557
9026536555
9026536635
9026536656
9026536712
9026536618
9026536711
9026536649
9026536744
9026536724
9026536735
9026536752
9026536790
9026536816
9026536852
9026536926
9026536915
9026536992
9026537067
9026537167
9026537304
9026537352
9026537334
9026537393
9026537450
9026537405
9026537490
9026537584
9026537582
9026537585
9026537467
9026537771
9026537817
9026537856
9026537772
9026537964
9026537992
9026538044
9026538096
9026538086
9026538125
9026538218
9026538242
9026538223
9026538354
9026538406
9026538434
9026538415
9026538454
9026538425
9026538535
9026538570
9026538643
9026538629
9026538706
9026538679
9026538776
9026538735
9026538774
9026538919
9026538962
9026539096
9026539056
9026539130
9026539157
9026539280
9026539290
9026539448
9026539475
9026539501
9026539648
9026539698
9026539707
9026539783
9026539782
9026539845
9026539851
9026539906
9026539941
9026539937
9026540169
9026540177
9026540257
9026540208
9026540276
9026540337
9026540350
9026540372
9026540403
9026540487
9026540508
9026540542
9026540586
9026540607
9026540622
9026540648
9026540781
9026540826
9026540875
9026540868
9026540969
9026541106
9026541108
9026541092
9026541140
9026541185
9026541250
9026541226
9026541344
9026541322
9026541308
9026541370
9026541382
9026541324
9026541414
9026541414
9026541361
9026541459
9026541485
9026541639
9026541575
9026541709
9026541825
9026541785
9026541862
9026541941
9026541935
9026541985
9026542035
9026542053
9026542200
9026542251
9026542266
9026542280
9026542292
9026542339
9026542336
9026542391
9026542434
9026542371
9026542452
9026542533
9026542548
9026542592
9026542575
9026542599
9026542757
9026542772
9026542793
9026542712
9026542858
9026542930
9026543064
9026543061
9026543090
9026543107
9026543133
9026543068
9026543191
9026543213
9026543077
9026543358
9026543328
9026543423
9026543390
9026543355
9026543410
9026543601
9026543598
9026543710
9026543767
9026543936
9026543935
9026543857
9026543987
9026544100
9026544180
9026544159
9026544368
9026544412
9026544437
9026544450
9026544472
9026544471
9026544502
9026544512
9026544655
9026544605
9026544637
9026544741
9026544774
9026544821
9026544895
9026544894
9026544961
9026544918
9026545014
9026544972
9026545031
9026545140
9026545112
9026545175
9026545252
9026545283
9026545365
9026545402
9026545391
9026545368
9026545336
9026545438
9026545472
9026545423
9026545226
9026545432
9026545512
9026545482
9026545615
9026545611
9026545656
9026545638
9026545713
9026545703
9026545722
9026545828
9026545827
9026545865
9026545865
9026545906
9026545905
9026545940
9026545868
9026545936
9026545959
9026545987
9026546003
9026546030
9026546052
9026546099
9026545997
9026546287
9026546314
9026546346
9026546318
9026546378
9026546392
9026546306
9026546416
9026546461
9026546450
9026546483
9026546526
9026546633
9026546685
9026546795
9026546797
9026546828
9026546873
9026546850
9026546881
9026546832
9026546935
9026547035
9026547006
9026547052
9026547083
9026547149
9026547158
9026547172
9026547161
9026547202
9026547202
9026547202
9026547202
9026547277
9026547286
9026547325
9026547339
9026547341
9026547393
9026547453
9026547483
9026547600
9026547561
9026547609
9026547627
9026547671
9026547716
9026547716
9026547766
9026547754
9026547856
9026547827
9026547863
9026547900
9026547983
9026548002
9026548134
9026548183
9026548216
9026548194
9026548229
9026548200
9026548277
9026548227
9026548251
9026548252
9026548319
9026548322
9026548354
9026548311
9026548239
9026548221
9026548299
9026548447
9026548472
9026548474
9026548581
9026548668
9026548693
9026548799
9026548887
9026548809
9026549045
9026549069
9026549130
9026549112
9026549163
9026549241
9026549300
9026549347
9026549428
9026549440
9026549425
9026549496
9026549408
9026549465
9026549538
9026549587
9026549436
9026549532
9026549685
9026549741
9026549739
9026549759
9026549828
9026549871
9026549795
9026549979
9026550015
9026550022
9026550012
9026550014
9026549913
9026550041
9026549977
9026550134
9026550176
9026550247
9026550326
9026550362
9026550376
9026550351
9026550361
9026550483
9026550484
9026550469
9026550633
9026550703
9026550673
9026550737
9026550952
9026550967
9026550990
9026551110
9026551116
9026551220
9026551430
9026551417
9026551474
9026551459
9026551469
9026551529
9026551494
9026551521
9026551700
9026551694
9026551689
9026551791
9026551792
9026551896
9026551853
9026551885
9026552032
9026551863
9026552108
9026552205
9026552228
9026552239
9026552303
9026552304
9026552302
9026552404
9026552404
9026552457
9026552461
9026552327
9026552456
9026552458
9026552403
9026552433
9026552565
