9026420890
9026420912
9026421280
9026421491
9026422385
9026422866
9026423829
9026424029
9026424314
9026424397
9026424626
9026424704
9026424797
9026425274
9026425289
9026425762
9026425918
9026425987
9026426870
9026428608
9026428900
9026429192
9026429680
9026429726
9026429908
9026430306
9026430354
9026431848
9026432439
9026432485
9026433119
9026433559
9026433639
9026434136
9026435321
9026435349
9026436166
9026437054
9026437249
9026437358
9026437445
9026437451
9026438577
9026439252
9026439340
9026439400
9026440279
9026440393
9026440582
9026441869
9026441941
9026442602
9026442617
9026442619
9026442802
9026442963
9026443416
9026443496
9026444020
9026444463
9026444707
9026445718
9026446487
9026446711
9026447092
9026447211
9026447290
9026447603
9026448200
9026448464
9026449076
9026449119
9026449130
9026449932
9026449996
9026450107
9026450617
9026451139
9026451234
9026451803
9026451962
9026452014
9026452141
9026452535
9026453799
9026453966
9026454412
9026455407
9026455699
9026456181
9026456508
9026456761
9026456999
9026457529
9026457922
9026458231
9026458474
9026458769
9026459038
9026459493
9026460025
9026460032
9026460426
9026460846
9026460986
9026461500
9026462386
9026463172
9026463469
9026463525
9026463533
9026463553
9026464579
9026464623
9026464991
9026465110
9026465313
9026465417
9026465527
9026465557
9026465576
9026465629
9026465639
9026465917
9026466057
9026466657
9026466881
9026466892
9026467084
9026467298
9026467609
9026467913
9026468011
9026468552
9026469433
9026469799
9026469810
9026470720
9026470792
9026471125
9026471543
9026471602
9026471982
9026472142
9026472216
9026472422
9026473789
9026474025
9026474053
9026474204
9026474429
9026474440
9026474594
9026474859
9026474905
9026475386
9026475437
9026475470
9026475575
9026475654