id
9026454100
9026454104
9026454324
9026454343
9026454744
9026454878
9026454972
9026455816
9026455952
9026456085
9026456551
9026456664
9026456703
9026457119
9026457516
9026457739
9026458059
9026458106
9026458138
9026458392
9026458475
9026458499
9026458575
9026459083
9026459123
9026459162
9026459629
9026459800
9026459876
9026460196
9026460255
9026460846
9026461424
9026461961
9026462710
9026462739
9026463057
9026463293
9026463371
9026463477
9026463624
9026463818
9026463902
9026463907
9026463957
9026464041
9026464142
9026464581
9026464631
9026464865
9026465139
9026465849
9026465988
9026466258
9026466581
9026466791
9026466868
9026466888
9026466940
9026467398
9026467617
9026467630
9026467967
9026468108
9026468201
9026468375
9026468758
9026469337
9026469526
9026469562
9026469776
9026470072
9026470166
9026470384
9026470657
9026471005
9026471029
9026471941
9026471950
9026471967
9026472058
9026472100
9026472154
9026472272
9026472365
9026472373
9026473180
9026473189
9026473434
9026473617
9026474246
9026474336
9026474363
9026474365
9026474430
9026474497
9026474649
9026475334
9026475447
9026475450
9026475568
9026475773
9026475794
9026476616
9026477188
9026477263
9026477505
9026477586
9026477744
9026477898
9026477984
9026478001
9026478002
9026478204
9026478268
9026478381
9026478631
9026478880
9026478962
9026479042
9026479077
9026479088
9026479529
9026479787
9026479845
9026479874
9026480026
9026480300
9026480501
9026480562
9026480612
9026480635
9026480820
9026481410
9026481617
9026482246
9026482493
9026482909
9026483030
9026483056
9026483116
9026483456
9026484115
9026484376
9026484397
9026485070
9026485116
9026485126
9026485187
9026485216
9026485343
9026485399
9026486008
9026486071
9026486196
9026486756
9026487057
9026487321
9026487426
9026487752
9026487853
9026488049
9026488152
9026488217
9026488264
9026488394
9026488419
9026488763
9026488804
9026488841
9026489152
9026490236
9026490433
9026490435
9026491003
9026491005
9026491071
9026491843
9026491987
9026492022
9026492158
9026492313
9026492513
9026492515
9026492847
9026493197
9026493409
9026493470
9026493736
9026493880
9026494069
9026494150
9026494261
9026494304
9026494313
9026494319
9026494458
9026494754
9026495019
9026495077
9026495221
9026495334
9026495597
9026495661
9026495937
9026496050
9026496163
9026496233
9026496431
9026496639
9026497032
9026497040
9026497487
9026497747
9026497757
9026497821
9026497862
9026497935
9026498008
9026498089
9026498100
9026498102
9026498164
9026498741
9026499306
9026499435
9026499615
9026500531
9026500699
9026500814
9026500876
9026500887
9026500907
9026501009
9026501248
9026502045
9026502098
9026502355
9026502481
9026502499
9026502624
9026502841
9026503075
9026503105
9026503113
9026503136
9026503199
9026503211
9026503521
9026503671
9026503693
9026503850
9026504188
9026504338
9026504396
9026504412
9026504472
9026504589
9026504848
9026504849
9026504856
9026505024
9026505062
9026505298
9026505389
9026505406
9026505704
9026505726
9026505917
9026505936
9026505968
9026506048
9026506084
9026506424
9026507391
9026507541
9026507644
9026507702
9026507790
9026507804
9026508295
9026508799
9026508878
9026509172
9026509225
9026509232
9026509241
9026509317
9026509707
9026509782
9026510176
9026510354
9026510418
9026510437
9026510660
9026510729
9026510740
9026511323
9026511631
9026511883
9026512137
9026512302
9026512390
9026512422
9026512589
9026512848
9026513010
9026513014
9026513298
9026513350
9026513518
9026513872
9026513925
9026513964
9026514094
9026514165
